3239527
3248233
3248244
3249014
3249659
3249754
3250286
3250907
3251019
3257695
3257889
3258394
3259462
3259466
3259472
3259481
3259509
3259510
3259516
3259534
3259539
3259583
3259623
3259641
3259676
3259686
3260053
3260303
3260325
3260608
3260610
3260612
3260613
3260615
3260617
3260618
3260640
3260641
3260645
3260647
3260649
3260650
3260652
3260653
3260654
3260656
3260658
3260659
3260661
3260663
3260665
3260667
3260671
3260673
3260678
3260679
3260680
3260681
3260683
3260684
3260686
3260687
3260689
3260691
3260694
3260697
3260698
3260699
3260700
3260706
3260708
3260709
3260711
3260712
3260715
3260716
3260717
3260719
3260720
3260721
3260723
3260724
3260725
3260726
3260728
3260733
3260735
3260737
3260746
3260750
3260751
3260752
3260757
3260759
3260761
3260764
3260766
3260767
3260768
3260769
3260770
3260776
3260777
3260778
3260780
3260785
3260786
3260789
3260792
3260793
3260798
3260799
3260803
3260804
3260807
3260810
3260813
3260817
3260820
3260822
3260826
3260829
3260830
3260831
3260834
3260835
3260836
3260838
3260840
3260845
3260848
3260852
3260854
3260858
3260859
3260860
3260862
3260864
3260867
3260868
3260870
3260876
3260880
3260881
3260884
3260891
3260892
3260895
3260899
3260907
3260913
3260914
3260916
3260917
3260918
3260921
3260924
3260925
3260930
3260932
3260934
3260937
3260939
3260941
3260942
3260943
3260946
3260950
3260953
3260960
3260962
3260966
3260969
3260970
3260971
3260974
3260977
3260979
3260980
3260981
3260984
3260985
3260986
3260987
3260988
3260992
3260994
3260995
3260998
3261001
3261002
3261004
3261005
3261007
3261010
3261012
3261013
3261015
3261017
3261019
3261022
3261024
3261027
3261028
3261029
3261031
3261032
3261034
3261035
3261036
3261041
3261046
3261052
3261053
3261055
3261062
3261063
3261069
3261073
3261074
3261078
3261080
3261081
3261082
3261083
3261088
3261089
3261091
3261094
3261097
3261099
3261101
3261107
3261108
3261111
3261114
3261115
3261119
3261120
3261121
3261122
3261125
3261126
3261127
3261132
3261134
3261135
3261136
3261137
3261138
3261140
3261141
3261145
3261147
3261153
3261154
3261157
3261158
3261159
3261161
3261164
3261169
3261170
3261174
3261177
3261178
3261179
3261180
3261181
3261182
3261186
3261188
3261189
3261192
3261193
3261194
3261196
3261198
3261200
3261203
3261204
3261205
3261207
3261210
3261213
3261214
3261217
3261220
3261221
3261222
3261223
3261225
3261226
3261227
3261228
3261232
3261234
3261240
3261241
3261244
3261249
3261255
3261256
3261257
3261261
3261264
3261265
3261266
3261267
3261268
3261269
3261274
3261276
3261277
3261283
3261285
3261293
3261294
3261295
3261298
3261299
3261301
3261305
3261309
3261311
3261312
3261314
3261316
3261320
3261322
3261327
3261329
3261330
3261333
3261338
3261343
3261344
3261346
3261348
3261351
3261355
3261357
3261360
3261361
3261363
3261366
3261369
3261371
3261373
3261376
3261377
3261379
3261381
3261382
3261387
3261390
3261391
3261395
3261407
3261411
3261413
3261421
3261422
3261423
3261428
3261429
3261432
3261434
3261436
3261438
3261445
3261446
3261447
3261448
3261452
3261453
3261455
3261460
3261461
3261463
3261464
3261465
3261466
3261467
3261471
3261472
3261479
3261481
3261483
3261486
3261487
3261491
3261492
3261493
3261495
3261500
3261502
3261504
3261508
3261509
3261510
3261515
3261523
3261526
3261527
3261530
3261531
3261532
3261533
3261540
3261542
3261544
3261545
3261546
3261547
3261554
3261555
3261557
3261559
3261560
3261566
3261571
3261572
3261576
3261577
3261578
3261580
3261581
3261585
3261587
3261597
3261606
3261608
3261610
3261614
3261617
3261619
3261624
3261625
3261626
3261629
3261631
3261632
3261633
3261634
3261635
3261636
3261637
3261638
3261639
3261640
3261641
3261647
3261648
3261649
3261651
3261652
3261653
3261655
3261656
3261657
3261663
3261666
3261667
3261671
3261673
3261675
3261676
3261680
3261681
3261684
3261685
3261689
3261690
3261692
3261696
3261699
3261703
3261709
3261712
3261713
3261716
3261717
3261718
3261722
3261723
3261724
3261725
3261726
3261728
3261729
3261730
3261736
3261737
3261740
3261747
3261751
3261753
3261754
3261759
3261761
3261763
3261764
3261769
3261771
3261772
3261773
3261776
3261779
3261783
3261784
3261788
3261790
3261794
3261796
3261797
3261798
3261799
3261804
3261805
3261806
3261811
3261815
3261822
3261823
3261825
3261826
3261829
3261833
3261834
3261836
3261844
3261845
3261846
3261848
3261851
3261854
3261855
3261858
3261861
3261867
3261872
3261878
3261880
3261881
3261882
3261885
3261887
3261888
3261890
3261891
3261893
3261896
3261898
3261900
3261904
3261905
3261907
3261910
3261912
3261913
3261918
3261919
3261921
3261923
3261924
3261928
3261930
3261932
3261933
3261935
3261939
3261940
3261942
3261945
3261947
3261949
3261951
3261953
3261955
3261961
3261962
3261963
3261964
3261968
3261970
3261971
3261973
3261974
3261980
3261981
3261982
3261985
3261986
3261994
3261998
3261999
3262001
3262002
3262006
3262008
3262009
3262014
3262016
3262022
3262024
3262025
3262027
3262030
3262032
3262037
3262038
3262043
3262047
3264036
3264372
3264374
3264475
3264939
3265002
3265237
3265817
3266094
3266174
3266206
3266212
3266262
3266266
3266272
3266273
3266276
3266279
3266281
3266283
3266284
3266319
3266351
3266473
3266477
3266489
3266492
3266518
3266626
3266643
3266709
3266749
3266763
3266813
3266819
3266987
3267121
3267178
3267202
3267275
3267353
3267387
3267412
3267529
3267613
3267614
3267683
3267710
3267728
3267744
3267759
3267890
3267959
3267962
3268048
3268092
3268127
3268197
3268203
3268215
3268228
3268254
3268264
3268269
3268271
3268280
3268281
3268286
3268290
3268293
3268297
3268304
3268309
3268311
3268313
3268322
3268333
3268365
3268386
3268412
3268432
3268438
3268443
3268495
3268498
3268500
3268501
3268503
3268504
3268505
3268506
3268507
3268508
3268509
3268510
3268511
3268512
3268513
3268514
3268516
3268519
3268520
3268521
3268523
3268525
3268527
3268528
3268529
3268530
3268531
3268533
3268534
3268535
3268536
3268537
3268538
3268540
3268541
3268549
3268553
3268554
3268558
3268562
3268565
3268566
3268570
3268579
3268581
3268582
3268590
3268596
3268597
3268602
3268604
3268607
3268612
3268614
3268620
3268631
3268632
3268633
3268639
3268645
3268646
3268648
3268657
3268669
3268675
3268680
3268690
3268697
3268699
3268708
3268711
3268715
3268720
3268721
3268722
3268723
3268724
3268725
3268727
3268728
3268729
3268730
3268731
3268732
3268733
3268735
3268736
3268737
3268738
3268742
3268744
3268747
3268750
3268752
3268754
3268755
3268757
3268760
3268761
3268766
3268769
3268770
3268771
3268776
3268777
3268779
3268783
3268788
3268790
3268797
3268800
3268803
3268805
3268806
3268808
3268809
3268811
3268812
3268817
3268821
3268822
3268824
3268826
3268827
3268828
3268829
3268830
3268831
3268835
3268836
3268842
3268844
3268845
3268846
3268847
3268848
3268852
3268853
3268857
3268865
3268866
3268868
3268870
3268879
3268882
3268883
3268886
3268887
3268888
3268890
3268893
3268894
3268896
3268897
3268898
3268899
3268900
3268901
3268902
3268908
3268914
3268915
3268916
3268918
3268921
3268923
3268926
3268927
3268929
3268930
3268931
3268933
3268934
3268936
3268937
3268938
3268939
3268940
3268941
3268942
3268943
3268945
3268946
3268948
3268949
3268950
3268952
3268953
3268954
3268955
3268956
3268958
3268959
3268962
3268964
3268966
3268967
3268968
3268969
3268970
3268971
3268972
3268973
3268974
3268975
3268976
3268978
3268983
3268984
3268985
3268986
3268987
3268990
3268994
3268998
3269002
3269005
3269006
3269008
3269009
3269010
3269011
3269012
3269013
3269016
3269018
3269024
3269025
3269026
3269028
3269030
3269032
3269034
3269036
3269037
3269041
3269042
3269043
3269045
3269046
3269048
3269051
3269052
3269056
3269058
3269062
3269064
3269066
3269068
3269069
3269070
3269075
3269076
3269077
3269079
3269081
3269082
3269084
3269086
3269087
3269088
3269089
3269090
3269091
3269093
3269098
3269099
3269100
3269105
3269107
3269116
3269117
3269123
3269127
3269129
3269131
3269132
3269133
3269137
3269140
3269141
3269143
3269145
3269151
3269153
3269155
3269156
3269159
3269164
3269167
3269168
3269170
3269172
3269173
3269175
3269176
3269178
3269179
3269180
3269181
3269183
3269184
3269185
3269190
3269194
3269195
3269196
3269201
3269203
3269204
3269206
3269207
3269209
3269212
3269218
3269219
3269224
3269236
3269237
3269238
3269239
3269242
3269243
3269250
3269251
3269254
3269260
3269261
3269262
3269263
3269270
3269273
3269276
3269287
3269288
3269297
3269298
3269300
3269301
3269302
3269303
3269305
3269309
3269311
3269314
3269316
3269318
3269320
3269321
3269323
3269328
3269329
3269330
3269331
3269332
3269339
3269350
3269351
3269353
3269354
3269356
3269357
3269359
3269360
3269362
3269363
3269367
3269368
3269370
3269375
3269382
3269384
3269386
3269389
3269390
3269393
3269396
3269400
3269402
3269406
3269411
3269412
3269414
3269418
3269419
3269420
3269422
3269427
3269433
3269437
3269438
3269439
3269440
3269441
3269445
3269446
3269451
3269453
3269454
3269456
3269462
3269466
3269467
3269468
3269469
3269472
3269473
3269475
3269476
3269477
3269478
3269480
3269485
3269489
3269490
3269491
3269494
3269499
3269502
3269507
3269511
3269512
3269515
3269517
3269518
3269520
3269523
3269526
3269535
3269541
3269543
3269546
3269548
3269550
3269553
3269556
3269559
3269560
3269561
3269565
3269567
3269569
3269570
3269571
3269572
3269573
3269574
3269575
3269580
3269581
3269583
3269585
3269586
3269590
3269591
3269593
3269597
3269600
3269601
3269602
3269607
3269608
3269609
3269611
3269612
3269617
3269619
3269622
3269625
3269626
3269627
3269628
3269630
3269633
3269634
3269636
3269641
3269642
3269644
3269646
3269650
3269652
3269662
3269664
3269666
3269668
3269670
3269673
3269674
3269676
3269678
3269681
3269682
3269686
3269692
3269699
3269700
3269701
3269704
3269705
3269706
3269707
3269710
3269711
3269713
3269714
3269715
3269717
3269720
3269722
3269723
3269725
3269726
3269728
3269734
3269735
3269736
3269738
3269739
3269741
3269742
3269743
3269744
3269746
3269747
3269748
3269752
3269754
3269758
3269759
3269762
3269763
3269766
3269767
3269770
3269773
3269774
3269777
3269778
3269779
3269780
3269781
3269782
3269784
3269787
3269788
3269790
3269791
3269793
3269796
3269799
3269800
3269801
3269802
3269804
3269808
3269809
3269810
3269813
3269816
3269817
3269819
3269821
3269824
3269825
3269826
3269828
3269831
3269833
3269835
3269837
3269841
3269842
3269845
3269846
3269847
3269853
3269854
3269855
3269856
3269860
3269862
3269863
3269868
3269870
3269872
3269873
3269880
3269881
3269882
3269884
3269885
3269889
3269891
3269893
3269895
3269900
3269906
3269907
3269914
3269915
3269916
3269917
3269918
3269919
3269923
3269925
3269926
3269929
3269930
3269932
3269939
3269943
3269946
3269947
3269948
3269949
3269951
3269952
3269954
3269957
3269961
3269966
3269967
3269968
3269974
3269977
3269978
3269979
3269981
3269982
3269984
3269985
3269987
3269988
3269990
3269992
3269993
3269994
3269995
3269997
3270000
3270001
3270007
3270009
3270012
3270016
3270017
3270019
3270025
3270035
3270039
3270043
3270045
3270046
3270050
3270058
3270068
3270069
3270070
3270072
3270073
3270078
3270081
3270086
3270090
3270091
3270092
3270101
3270104
3270105
3270107
3270109
3270111
3270113
3270115
3270116
3270118
3270120
3270121
3270122
3270124
3270128
3270130
3270131
3270135
3270137
3270138
3270143
3270148
3270151
3270152
3270160
3270161
3270162
3270164
3270174
3270176
3270179
3270189
3270190
3270191
3270195
3270200
3270201
3270202
3270206
3270208
3270210
3270215
3270216
3270221
3270222
3270226
3270229
3270230
3270235
3270236
3270237
3270238
3270239
3270240
3270243
3270244
3270245
3270247
3270249
3270250
3270251
3270254
3270262
3270265
3270272
3270275
3270276
3270285
3270286
3270290
3270293
3270296
3270298
3270302
3270303
3270304
3270311
3270315
3270317
3270318
3270321
3270325
3270326
3270329
3270330
3270331
3270333
3270337
3270340
3270342
3270345
3270347
3270350
3270352
3270353
3270358
3270363
3270366
3270371
3270373
3270375
3270377
3270378
3270380
3270382
3270384
3270385
3270388
3270391
3270392
3270396
3270397
3270402
3270403
3270404
3270407
3270410
3270413
3270417
3270418
3270420
3270422
3270423
3270425
3270426
3270428
3270429
3270430
3270433
3270435
3270437
3270438
3270439
3270442
3270444
3270448
3270449
3270450
3270451
3270454
3270456
3270459
3270460
3270461
3270466
3270468
3270469
3270470
3270473
3270478
3270480
3270481
3270487
3270492
3270493
3270496
3270498
3270502
3270507
3270508
3270509
3270510
3270515
3270521
3270527
3270528
3270529
3270530
3270533
3270539
3270541
3270547
3270548
3270552
3270553
3270554
3270559
3270560
3270565
3270567
3270569
3270574
3270578
3270582
3270584
3270586
3270587
3270588
3270590
3270591
3270592
3270599
3270600
3270618
3270621
3270627
3270629
3270630
3270632
3270634
3270635
3270638
3270644
3270645
3270646
3270648
3270650
3270654
3270657
3270662
3270667
3270669
3270679
3270684
3270687
3270689
3270691
3270692
3270694
3270699
3270706
3270718
3270728
3270743
3270755
3270759
3270760
3270762
3270765
3270769
3270770
3270773
3270774
3270775
3270779
3270782
3270783
3270784
3270788
3270794
3270796
3270812
3270813
3270816
3270818
3270819
3270820
3270825
3270826
3270828
3270831
3270836
3270840
3270843
3270844
3270845
3270848
3270851
3270856
3270857
3270858
3270859
3270860
3270866
3270871
3270883
3270886
3270905
3270912
3270914
3270916
3270917
3270920
3270923
3270927
3270929
3270931
3270932
3270934
3270936
3270940
3270949
3270951
3270953
3270958
3270962
3270963
3270964
3270965
3270967
3270970
3270973
3270975
3270977
3270978
3270979
3270980
3270981
3270983
3270985
3270988
3270990
3270995
3270999
3271007
3271008
3271009
3271015
3271018
3271022